asd   


 NPOIN =    5   NELEM =    4   NBOUN =    2   NMATS =    1

 NPROP =    3   NNODE =    2   NDOFN =    3   NDIME =    2

 NSTRE =    3

0     MATERIAL PROPERTIES
         1 20389019.00000        0.25000        0.00521

0  EL   NODES   MAT.
    1    1    2    1
    2    2    3    1
    3    3    4    1
    4    3    5    1

0     NODE     COORD.
         1        0.00000        0.00000
         2        0.00000        4.50000
         3        6.00000        4.50000
         4        7.50000        4.50000
         5        6.00000        0.00000

0 RESTRAINED NODES,FIXITY CODE AND PRESCRIBED VALUES
           1           1  0.000000000000000E+000           1
  0.000000000000000E+000           1  0.000000000000000E+000
           5           1  0.000000000000000E+000           1
  0.000000000000000E+000           1  0.000000000000000E+000

0     NODE       NODAL LOADS
         1        0.00000        0.00000        0.00000
         2        0.00000        0.00000        0.00000
         3        0.00000        0.00000        0.00000
         4        0.00000        0.00000        0.00000
         5        0.00000       10.00000        0.00000
     WIDEFORCE,MOMENT,DISTANCE,FORCE,DISTANCE
         1      0.00      0.00      0.00      0.00      0.00
         2  10000.00      0.00      0.00      0.00      0.00
         3      0.00      0.00      0.00      0.00      0.00
         4      0.00      0.00      0.00      0.00      0.00

0     NODE DISPLACEMENTS (DX,DY,ROTATION)
       1        0.00000        0.00000        0.00000
       2        0.00426       -0.02648       -0.23219
       3       -0.00426       -0.02648        0.23219
       4       -0.00426        0.32180        0.23219
       5        0.00000        0.00000        0.00000

0     NODE REACTIONS (RX,RY,M)
       1     7245.62230    30000.00000   -10823.71025
       2        0.00000        0.00000        0.00000
       3        0.00000        0.00000        0.00000
       4        0.00000        0.00000        0.00000
       5    -7245.62230    29990.00000    10823.71025

0     ELEMENT      NODAL INTERNAL FORCES (N,V,M)
       1          30000.00000    -7245.62230   -10823.71025
                 -30000.00000     7245.62230   -21781.59011

       2           7245.62230    30000.00000    21781.59011
                  -7245.62230    30000.00000   -21781.59011

       3              0.00000        0.00000        0.00000
                      0.00000       -0.00000        0.00000

       4          30000.00000     7245.62230    21781.59011
                 -30000.00000    -7245.62230    10823.71025

 MAXIMUM OF FIRST MOMENTS=
   21781.5901081690     
 MAXIMUM OF END MOMENTS=
   10823.7102523945     
 MAXIMUM OF FIRST MOMENTS=
   21781.5901081690     
 MAXIMUM OF END MOMENTS=
   10823.7102523945     

0     NODE       NODAL LOADS
         1        0.00000        0.00000        0.00000
         2        0.00000        0.00000        0.00000
         3        0.00000        0.00000        0.00000
         4        0.00000        0.00000        0.00000
         5        0.00000       10.00000        0.00000
     WIDEFORCE,MOMENT,DISTANCE,FORCE,DISTANCE
         1      0.00      0.00      0.00      0.00      0.00
         2      0.00      0.00      0.00      0.00      0.00
         3      0.00      0.00      0.00      0.00      0.00
         4      0.00      0.00      0.00      0.00      0.00

0     NODE DISPLACEMENTS (DX,DY,ROTATION)
       1        0.00000        0.00000        0.00000
       2        0.00000        0.00000        0.00000
       3        0.00000        0.00000        0.00000
       4        0.00000        0.00000        0.00000
       5        0.00000        0.00000        0.00000

0     NODE REACTIONS (RX,RY,M)
       1        0.00000        0.00000        0.00000
       2        0.00000        0.00000        0.00000
       3        0.00000        0.00000        0.00000
       4        0.00000        0.00000        0.00000
       5        0.00000      -10.00000        0.00000

0     ELEMENT      NODAL INTERNAL FORCES (N,V,M)
       1              0.00000        0.00000        0.00000
                      0.00000        0.00000        0.00000

       2              0.00000        0.00000        0.00000
                      0.00000        0.00000        0.00000

       3              0.00000        0.00000        0.00000
                      0.00000        0.00000        0.00000

       4              0.00000        0.00000        0.00000
                      0.00000        0.00000        0.00000

 MAXIMUM OF FIRST MOMENTS=
  0.000000000000000E+000
 MAXIMUM OF END MOMENTS=
  0.000000000000000E+000
 MAXIMUM OF FIRST MOMENTS=
  0.000000000000000E+000
 MAXIMUM OF END MOMENTS=
  0.000000000000000E+000

0     NODE       NODAL LOADS
         1        0.00000        0.00000        0.00000
         2        0.00000        0.00000        0.00000
         3        0.00000        0.00000        0.00000
         4        0.00000        0.00000        0.00000
         5        0.00000       10.00000        0.00000
     WIDEFORCE,MOMENT,DISTANCE,FORCE,DISTANCE
         1      0.00      0.00      0.00      0.00      0.00
         2      0.00      0.00      0.00      0.00      0.00
         3      0.00      0.00      0.00      0.00      0.00
         4      0.00      0.00      0.00      0.00      0.00

0     NODE DISPLACEMENTS (DX,DY,ROTATION)
       1        0.00000        0.00000        0.00000
       2        0.00000        0.00000        0.00000
       3        0.00000        0.00000        0.00000
       4        0.00000        0.00000        0.00000
       5        0.00000        0.00000        0.00000

0     NODE REACTIONS (RX,RY,M)
       1        0.00000        0.00000        0.00000
       2        0.00000        0.00000        0.00000
       3        0.00000        0.00000        0.00000
       4        0.00000        0.00000        0.00000
       5        0.00000      -10.00000        0.00000

0     ELEMENT      NODAL INTERNAL FORCES (N,V,M)
       1              0.00000        0.00000        0.00000
                      0.00000        0.00000        0.00000

       2              0.00000        0.00000        0.00000
                      0.00000        0.00000        0.00000

       3              0.00000        0.00000        0.00000
                      0.00000        0.00000        0.00000

       4              0.00000        0.00000        0.00000
                      0.00000        0.00000        0.00000

 MAXIMUM OF FIRST MOMENTS=
  0.000000000000000E+000
 MAXIMUM OF END MOMENTS=
  0.000000000000000E+000
 MAXIMUM OF FIRST MOMENTS=
  0.000000000000000E+000
 MAXIMUM OF END MOMENTS=
  0.000000000000000E+000
